
==================== EXTRAVERSION ====================
Val   | Logit_Diff (PPL) | Proj-Prior (PPL)
--------------------------------------------------
 0.5  | 3.50 (7.1)       | 3.70 (6.0)      
 1.0  | 4.00 (7.8)       | 3.50 (7.9)      
 2.0  | 4.20 (11.7)      | 4.60 (14.8)     
 4.0  | 4.70 (53.1)      | 4.50 (13.3)     
 5.0  | 4.80 (89.3)      | 4.90 (39.3)     
 6.0  | 4.90 (237.4)     | 4.90 (57.3)     
 8.0  | 4.50 (157.0)     | 4.40 (74.3)     
10.0  | 4.00 (64.9)      | 4.60 (87.7)     
15.0  | 3.40 (511.4)     | 4.80 (188.0)    
20.0  | 4.10 (818.0)     | 4.50 (200.1)    
25.0  | 4.00 (1203.4)    | 4.50 (198.7)    
30.0  | 4.40 (1785.0)    | 4.70 (300.4)    
35.0  | 4.90 (312.7)     | 4.70 (514.0)    
40.0  | 4.90 (72.1)      | 4.80 (1053.9)   

==================== NEUROTICISM ====================
Val   | Logit_Diff (PPL) | Proj-Prior (PPL)
--------------------------------------------------
 0.5  | 0.80 (6.2)       | 1.00 (6.2)      
 1.0  | 2.20 (7.4)       | 1.10 (7.4)      
 2.0  | 3.80 (10.4)      | 4.70 (14.7)     
 4.0  | 4.60 (10.0)      | 4.90 (19.9)     
 5.0  | 4.70 (12.5)      | 4.80 (17.1)     
 6.0  | 4.90 (13.7)      | 4.80 (15.3)     
 8.0  | 4.50 (21.8)      | 5.00 (17.3)     
10.0  | 4.30 (126.0)     | 5.00 (14.8)     
15.0  | 5.00 (223.0)     | 5.00 (20.8)     
20.0  | 4.90 (50.5)      | 5.00 (31.3)     
25.0  | 5.00 (60.7)      | 5.00 (31.8)     
30.0  | 5.00 (57.8)      | 5.00 (34.5)     
35.0  | 5.00 (62.9)      | 5.00 (35.9)     
40.0  | 5.00 (58.4)      | 5.00 (38.9)     

==================== OPENNESS ====================
Val   | Logit_Diff (PPL) | Proj-Prior (PPL)
--------------------------------------------------
 0.5  | 3.30 (6.7)       | 3.50 (6.9)      
 1.0  | 4.00 (7.3)       | 3.80 (7.7)      
 2.0  | 4.80 (10.3)      | 4.20 (8.2)      
 4.0  | 4.80 (44.4)      | 4.40 (15.2)     
 5.0  | 5.00 (31.1)      | 4.50 (28.8)     
 6.0  | 5.00 (73.0)      | 4.10 (58.4)     
 8.0  | 4.60 (328.0)     | 4.30 (208.7)    
10.0  | 3.80 (157.4)     | 3.60 (194.9)    
15.0  | 3.00 (17.0)      | 4.70 (185.3)    
20.0  | 2.80 (22.7)      | 4.30 (190.1)    
25.0  | 4.50 (38.3)      | 4.30 (227.9)    
30.0  | 4.60 (107.8)     | 4.70 (251.3)    
35.0  | 4.60 (121.1)     | 4.70 (263.0)    
40.0  | 4.50 (147.3)     | 4.70 (309.8)    

==================== CONSCIENTIOUSNESS ====================
Val   | Logit_Diff (PPL) | Proj-Prior (PPL)
--------------------------------------------------
 0.5  | 4.20 (7.1)       | 3.80 (6.9)      
 1.0  | 4.20 (7.6)       | 3.90 (7.1)      
 2.0  | 4.40 (10.1)      | 4.20 (12.7)     
 4.0  | 0.60 (28.2)      | 3.80 (16.4)     
 5.0  | 0.80 (29.5)      | 3.50 (42.6)     
 6.0  | 0.60 (59.6)      | 3.40 (47.3)     
 8.0  | 0.50 (55.7)      | 2.20 (88.5)     
10.0  | 2.30 (47.6)      | 2.00 (73.5)     
15.0  | 0.40 (455.1)     | 1.00 (81.9)     
20.0  | 0.00 (1855.5)    | 0.70 (58.6)     
25.0  | 0.00 (2765.3)    | 0.30 (51.6)     
30.0  | 1.50 (199.6)     | 0.60 (72.7)     
35.0  | 1.00 (202.7)     | 0.40 (91.5)     
40.0  | 0.60 (237.3)     | 0.40 (150.5)    

==================== AGREEABLENESS ====================
Val   | Logit_Diff (PPL) | Proj-Prior (PPL)
--------------------------------------------------
 0.5  | 4.50 (6.3)       | 4.30 (6.6)      
 1.0  | 4.50 (7.5)       | 4.30 (7.1)      
 2.0  | 4.60 (8.0)       | 4.30 (7.2)      
 4.0  | 3.90 (38.6)      | 4.20 (7.4)      
 5.0  | 4.60 (47.4)      | 4.40 (7.3)      
 6.0  | 4.50 (46.9)      | 4.30 (7.4)      
 8.0  | 3.80 (131.1)     | 4.40 (8.4)      
10.0  | 3.70 (46.3)      | 4.40 (12.7)     
15.0  | 1.80 (1110.6)    | 3.30 (7.8)      
20.0  | 3.10 (1165.7)    | 2.10 (10.3)     
25.0  | 1.50 (1997.0)    | 2.10 (15.5)     
30.0  | 0.60 (3332.4)    | 1.60 (17.7)     
35.0  | 0.70 (2576.3)    | 1.40 (23.7)     
40.0  | 1.50 (508.2)     | 1.30 (29.7)     
